3
6,11
-2.944855,-3.368022,2.519259,-1.878663,6.756858,-1.971107,-1.032398,-3.16318,-1.408976,-1.24973,0.7184241
-3.262077,1.486258,-2.04743,-1.775962,0.1558629,1.351486,3.707768,-7.81164,-2.383798,-9.232409,-0.719421
2.452053,-2.487824,1.187881,1.966854,1.531122,3.849555,2.696134,0.5177165,-1.761086,2.706435,-2.801996
-1.816441,-1.938558,-5.094041,0.8472793,6.624131,-3.013364,3.907218,-7.34329,1.401287,-5.390385,8.516521
4.159764,-2.490503,2.926346,-4.452819,-4.861501,3.108277,5.379206,-6.190783,1.844427,-0.3947395,-2.72156
3.221985,-0.1734691,3.671119,0.0208964,-1.949084,0.4530067,-2.787131,0.4010112,1.413301,-1.436836,-1.449262
3,7
0.2563393,-3.410863,0.9478558,4.862005,-0.8697886,-3.91039,-3.963373
2.807869,4.125604,4.780138,-5.016091,2.694352,3.560788,-3.509113
0.07301577,2.021187,-5.010402,-4.499996,-5.964348,0.04089484,-1.123805
2,4
2.630185,0.3013229,-6.552164,2.066342
-1.494267,-0.002432168,1.638315,2.66493

3
6,11
-2.944855,-3.368022,2.957173,-2.831112,6.756858,-1.451236,-0.9422783,-2.682856,-0.8966298,-3.327623,0.5689963
-4.089321,1.485577,-2.508783,-1.775962,0.1558629,1.923365,2.748072,-8.303221,-2.61955,-9.232409,-2.49789
2.452053,-1.552286,1.187881,2.009416,0.3680747,3.849555,2.321562,0.7462251,-1.761086,2.048623,-2.790027
-1.816441,-2.18576,-5.094041,1.235588,5.884746,-3.013364,4.557179,-7.34329,1.401287,-4.660314,8.516521
4.159764,-2.257392,3.821509,-4.141725,-4.685472,2.424175,5.379206,-6.190783,1.03719,-0.5649526,-2.72156
3.221985,0.560875,2.823442,-0.3256457,-1.949084,0.4777566,-3.224657,0.8051355,1.703595,-1.436836,-1.866626
3,7
-0.3489816,-3.097586,0.9478558,4.946565,-0.8697886,-3.91039,-2.436359
2.929821,4.393805,4.780138,-4.186851,2.694352,3.601711,-3.177697
0.07301577,1.792207,-5.050994,-4.499996,-6.282735,0.04089484,1.304169
2,4
2.11175,1.260304,-6.091616,2.066342
-1.792099,-0.002432168,0.666708,2.66493

3
6,11
-2.944855,-3.742966,2.519259,-1.878663,7.33771,-1.971107,-1.032398,-2.657081,-1.408976,-2.515359,0.7184241
-4.095936,1.133568,-2.04743,-1.804564,-0.2744737,1.200695,3.707768,-7.341619,-3.357677,-8.910212,0.1280113
2.118446,-2.487824,1.187881,1.966854,1.531122,3.347218,3.026486,0.7462251,-1.247482,2.706435,-3.758454
-2.088724,-1.938558,-4.762413,0.8472793,5.884746,-3.013364,3.907218,-7.34329,1.616596,-5.390385,8.516521
4.436702,-2.490503,3.55561,-4.452819,-4.861501,3.13687,5.379206,-6.190783,2.234469,-0.9441117,-2.72156
3.777396,-0.1734691,2.796381,0.6241674,-1.949084,0.4777566,-2.787131,0.4010112,1.413301,-1.436836,-1.07003
3,7
-0.01100743,-3.410863,0.9478558,4.126944,-0.8697886,-4.038458,-3.963373
2.807869,4.654813,4.676848,-5.31612,2.694352,3.560788,-3.509113
1.039536,2.021187,-5.392255,-4.499996,-6.671391,0.04089484,1.260602
2,4
1.595522,0.3013229,-6.091616,2.066342
-1.494267,0.1241611,0.666708,2.608592

3
6,11
-3.767133,-3.368022,2.519259,-2.670573,6.756858,-1.451236,-0.9587706,-2.644198,-1.408976,-1.24973,0.7184241
-4.051685,2.06267,-2.508783,-1.839026,0.3558807,1.351486,3.707768,-8.303221,-2.383798,-8.953934,-0.6296887
2.452053,-1.552703,1.453634,1.097208,1.312856,3.849555,2.657565,1.372379,-1.761086,2.706435,-2.801996
-1.715238,-2.626945,-5.094041,2.004559,6.840196,-3.013364,4.410214,-7.34329,1.401287,-5.165277,9.325941
4.159764,-2.490503,4.794335,-5.425579,-4.896289,2.410265,6.176016,-6.190783,1.512401,-1.036017,-2.72156
4.134716,-0.1734691,3.671119,-0.1141523,-2.309067,0.938457,-2.139459,0.4010112,1.703595,-1.584783,-0.7785105
3,7
0.5303257,-2.564713,0.6674271,4.362743,-0.8697886,-3.91039,-3.008538
2.807869,4.393805,5.194516,-5.016091,1.828759,3.601711,-2.528302
-0.644092,1.338465,-5.010402,-4.499996,-6.219436,-0.6744293,-1.123805
2,4
2.630185,0.7611098,-6.552164,2.066342
-1.494267,0.4885935,1.638315,2.66493

3
6,11
-2.75908,-3.368022,2.957173,-2.043456,6.756858,-1.971107,-1.032398,-2.139814,-0.2416372,-1.24973,0.5689963
-3.262077,1.486258,-3.043302,-1.775962,0.1558629,1.351486,2.748072,-7.81164,-2.383798,-9.600545,-0.719421
2.452053,-1.783947,1.187881,2.20254,1.432666,3.849555,2.696134,0.5177165,-1.476986,2.706435,-2.801996
-1.816441,-2.54011,-5.094041,1.642668,6.624131,-3.013364,4.147827,-7.34329,1.401287,-5.390385,8.638225
4.694046,-2.695401,3.02948,-4.452819,-5.383654,3.108277,5.233808,-6.190783,1.844427,0.001036257,-3.531564
3.221985,-0.1734691,3.823732,0.4339768,-1.949084,0.4530067,-2.863148,0.4010112,2.163991,-1.436836,-1.449262
3,7
0.2563393,-3.410863,0.9478558,5.245259,-1.001273,-3.297268,-3.464135
3.201561,4.393805,4.041899,-5.413343,1.762763,3.560788,-3.336283
-0.9018063,2.275173,-5.363108,-4.499996,-6.738997,0.04089484,-0.5007844
2,4
1.732794,0.7138386,-6.552164,1.351015
-0.9375041,-0.002432168,1.638315,2.66493

3
6,11
-2.944855,-2.705624,3.264475,-2.27458,7.724138,-2.403491,-0.5335224,-2.093793,-2.060344,-1.24973,0.9345745
-4.089321,1.486258,-2.508783,-1.775962,-0.1229799,2.240741,3.707768,-7.81164,-3.596296,-9.469006,-0.1695579
2.452053,-2.487824,0.8296388,1.93269,1.531122,3.849555,2.696134,0.7462251,-1.265873,2.706435,-2.801996
-0.9131298,-1.938558,-5.03651,0.8472793,7.217628,-2.32059,4.557179,-7.06071,1.647627,-4.967163,8.472869
4.159764,-1.934755,3.333157,-4.141725,-4.861501,3.807964,5.379206,-6.190783,1.03719,-0.5649526,-2.767484
3.553128,-0.1734691,4.579196,1.009538,-1.949084,0.4777566,-2.787131,0.8236898,0.7054253,-1.510843,-1.449262
3,7
-1.165293,-3.410863,0.9478558,5.928314,-0.8697886,-3.91039,-4.63317
2.437028,4.393805,5.016239,-5.016091,3.260335,3.095684,-4.457913
0.07301577,2.021187,-4.754705,-4.499996,-5.08172,0.04089484,-1.123805
2,4
2.11175,0.3013229,-5.134562,2.12911
-1.582185,-0.9663306,2.325759,3.000917

3
6,11
-3.613685,-2.920655,2.121177,-1.878663,6.756858,-1.451236,-0.2425971,-2.682856,-1.408976,-1.24973,0.7184241
-3.262077,1.486258,-2.183203,-2.695583,0.1558629,1.441711,2.288461,-8.379852,-1.732543,-8.515253,-2.49789
2.452053,-2.487824,2.145995,1.966854,2.196571,3.149567,1.949474,0.1129203,-0.9379773,2.295275,-2.151188
-1.816441,-2.833384,-5.094041,0.3332665,6.624131,-3.134578,4.557179,-7.34329,0.6680815,-5.915854,8.516521
4.159764,-2.370956,3.821509,-4.408959,-4.861501,2.375006,5.259769,-6.546912,1.796543,-0.5649526,-2.660695
3.81783,0.5113675,3.671119,-0.3256457,-1.949084,-0.1370347,-2.284797,0.4010112,1.413301,-1.436836,-1.866626
3,7
0.2563393,-2.516168,1.305251,4.366723,-0.8697886,-4.629169,-3.974965
2.929821,4.125604,4.780138,-5.016091,2.694352,3.560788,-2.666778
0.07301577,2.021187,-5.783952,-4.562764,-6.675601,0.4814716,1.304169
2,4
2.630185,1.786202,-6.552164,2.066342
-1.792099,0.6261539,1.118535,3.494593

3
6,11
-2.944855,-3.368022,2.666375,-1.878663,6.657054,-1.819433,-0.9422783,-2.682856,-2.255241,-1.24973,0.5689963
-2.280813,0.5377064,-2.04743,-2.678314,-0.6283454,1.351486,2.951427,-8.303221,-2.383798,-8.631428,-0.39668
3.088333,-2.823208,1.187881,2.803823,1.531122,3.849555,3.265863,-0.09914505,-1.761086,2.706435,-2.294177
-1.816441,-2.276882,-5.094041,0.8472793,6.878389,-3.013364,3.907218,-6.56956,2.309415,-4.971029,8.946999
3.745235,-2.802655,4.758138,-4.452819,-4.250367,2.378445,4.941211,-6.190783,0.905057,-0.3059471,-2.704621
3.54456,-0.1734691,3.671119,0.1106424,-2.163544,-0.4453013,-3.224657,0.8938347,1.413301,-1.436836,-1.449262
3,7
-0.1806926,-3.410863,0.3234085,5.617422,-0.8697886,-3.146332,-3.963373
2.46412,5.066146,4.780138,-4.481494,2.694352,2.966949,-3.509113
-0.2576516,1.89944,-5.445817,-4.334911,-5.964348,0.9391845,-1.123805
2,4
2.630185,0.427043,-6.524599,1.585337
-1.289078,-0.002432168,1.134731,3.120505

3
6,11
-2.095713,-4.136115,2.843615,-1.878663,6.756858,-1.971107,-0.9422783,-2.682856,-1.875618,-1.167089,0.5689963
-3.569128,1.486258,-2.04743,-1.465248,0.1558629,1.351486,3.242049,-7.81164,-2.350407,-9.232409,-0.719421
2.452053,-1.518259,1.754442,1.12135,0.03410852,3.849555,2.696134,0.5177165,-1.457108,2.706435,-2.801996
-1.816441,-1.938558,-5.554092,1.506246,6.624131,-3.070081,4.856733,-7.34329,1.401287,-3.866909,8.039684
4.159764,-3.300198,3.912904,-3.386297,-4.765112,3.108277,5.379206,-6.364811,0.7599308,-0.3947395,-2.788363
3.315639,0.5324478,4.131553,-0.4348196,-1.949084,1.13149,-2.592925,-0.5941742,1.413301,-1.436836,-1.310542
3,7
0.4036407,-2.834444,0.2011553,4.611218,-0.8697886,-3.338063,-3.583349
2.807869,4.094438,3.901828,-4.939703,2.694352,3.995431,-3.509113
0.07301577,1.031188,-5.010402,-5.105499,-6.954073,0.04089484,1.304169
2,4
2.630185,1.260304,-6.552164,2.776343
-1.494267,-0.2912557,1.638315,2.66493

3
6,11
-2.944855,-3.368022,2.40895,-1.878663,6.010936,-1.707599,-1.032398,-3.995671,-1.342648,-1.24973,1.36361
-3.262077,1.486258,-2.513631,-1.775962,0.526709,1.351486,3.707768,-7.775988,-2.383798,-8.494198,0.04896033
2.452053,-2.789891,0.5777998,1.633737,0.3680747,3.849555,2.870273,0.4227021,-1.761086,2.060177,-2.801996
-1.816441,-1.142017,-6.017078,1.280755,6.624131,-2.038291,3.907218,-8.068822,1.401287,-5.390385,7.789362
4.441101,-2.490503,2.926346,-4.141725,-4.348917,3.108277,4.748971,-6.164694,1.844427,-0.1606798,-2.72156
3.221985,-0.1734691,2.823442,-0.4861975,-1.920237,1.088202,-2.787131,0.8051355,2.167238,-1.436836,-1.931059
3,7
0.2563393,-3.135682,0.1460496,5.104656,-0.8697886,-4.604379,-4.283083
3.692425,4.125604,4.5489,-4.014286,2.694352,2.990106,-3.509113
0.07301577,2.021187,-5.010402,-4.208682,-7.243775,0.04089484,-1.129423
2,4
2.157499,0.2990052,-5.259684,3.002709
-1.792099,-0.002432168,1.638315,2.66493

3
6,11
-2.209995,-2.805213,2.519259,-1.878663,6.756858,-2.001219,-0.9422783,-2.781723,-1.408976,-1.24973,1.215524
-3.90252,0.6917959,-1.698383,-1.50159,0.1558629,1.923365,3.707768,-7.81164,-3.16648,-9.170495,-0.719421
2.452053,-1.790014,1.187881,2.904682,1.119878,3.665695,2.321562,0.5177165,-1.761086,2.706435,-2.801996
-2.236669,-1.938558,-5.475698,1.628476,6.356381,-3.013364,3.907218,-8.202346,1.401287,-4.436026,8.35308
4.159764,-2.555701,2.926346,-4.452819,-4.685472,2.59302,6.110478,-6.190783,1.03719,-0.5649526,-2.72156
2.97071,0.560875,3.671119,-0.3256457,-2.339756,1.104641,-3.215139,0.4010112,1.703595,-0.7987777,-1.449262
3,7
-0.3489816,-3.410863,1.308849,4.701708,-0.8697886,-3.91039,-3.963373
2.807869,4.908659,4.780138,-5.016091,2.694352,3.601711,-3.054862
-0.6548943,2.021187,-5.010402,-5.074784,-5.964348,0.04089484,0.7227266
2,4
3.253697,-0.2608621,-5.400467,1.234563
-1.494267,0.971662,1.315155,2.642132

3
6,11
-3.821308,-3.806391,2.998736,-1.821098,6.756858,-1.971107,-1.331041,-2.159157,-0.4155111,-1.24973,-0.005903721
-3.269054,1.229004,-2.09908,-1.775962,0.1558629,1.351486,3.720648,-7.839517,-2.099469,-8.30884,-0.09662592
2.452053,-0.7539173,1.187881,1.966854,1.531122,3.849555,2.321562,0.4598364,-1.761086,2.706435,-2.551468
-0.8582354,-2.18576,-5.835251,0.1260614,6.809784,-3.013364,4.851744,-6.708387,1.401287,-5.390385,9.156543
4.453012,-2.490503,2.386872,-4.408985,-4.861501,3.108277,5.379206,-6.190783,2.551081,-0.4868997,-2.039837
3.221985,-0.1734691,3.671119,-0.1430306,-1.22922,0.6654123,-3.187881,0.7213525,1.006235,-1.436836,-1.449262
3,7
0.02889669,-3.410863,0.8325796,3.909966,-0.8697886,-4.863524,-1.991102
2.807869,4.005035,4.780138,-4.400953,2.694352,3.560788,-3.177697
0.07301577,2.360292,-4.687761,-4.340391,-6.376359,0.1165309,-0.2502782
2,4
1.680027,-0.5043738,-6.313703,1.468949
-1.389958,-0.002432168,1.638315,2.66493

3
6,11
-2.944855,-3.368022,2.519259,-1.878663,6.756858,-1.971107,-2.032131,-3.16318,-1.408976,-1.24973,0.7184241
-3.262077,1.486258,-2.508783,-1.03291,0.1558629,2.176954,2.748072,-7.81164,-2.383798,-9.13966,-0.719421
2.452053,-1.557561,2.154739,1.966854,0.7198724,3.849555,2.696134,0.9259163,-1.761086,2.706435,-3.162649
-2.463271,-1.938558,-5.182311,1.272586,7.526387,-3.799875,3.907218,-7.34329,1.401287,-5.966789,8.318395
4.159764,-1.589742,2.926346,-3.814085,-4.861501,3.108277,5.379206,-6.190783,1.844427,-0.3947395,-3.155019
3.125279,1.275224,3.671119,-1.023753,-1.949084,-0.1822341,-2.348075,0.2751935,1.433115,-1.183948,-1.449262
3,7
0.326256,-2.786792,1.18723,3.872181,-1.590889,-3.001725,-3.963373
3.753065,4.125604,4.780138,-5.016091,2.803563,3.36589,-3.509113
0.07301577,1.663986,-5.773959,-4.048613,-5.964348,0.04089484,-0.6015666
2,4
2.11175,0.3287561,-6.091616,2.883354
-1.494267,-0.002432168,1.269288,2.66493

3
6,11
-3.498513,-3.368022,2.519259,-1.482265,7.606094,-2.883671,-0.4199128,-3.16318,-0.8966298,-1.24973,0.7184241
-3.262077,1.486258,-2.889543,-1.775962,0.1558629,1.351486,3.312822,-7.81164,-2.447512,-8.618999,-2.49789
2.452053,-2.463211,1.187881,2.846756,1.531122,4.788773,2.696134,-0.08532107,-1.761086,2.706435,-3.417657
-0.9904125,-1.938558,-5.094041,0.4305371,6.624131,-3.66559,3.907218,-7.34329,1.401287,-5.390385,8.516521
4.864812,-2.257392,2.557281,-4.141725,-4.861501,3.108277,5.147374,-6.190783,2.359058,-0.5649526,-2.72156
3.221985,0.2387349,3.671119,0.3933315,-1.949084,0.8233727,-4.089825,0.09703642,2.195167,-1.436836,-1.449262
3,7
-0.5854475,-3.410863,0.001683593,4.120341,-0.06567192,-3.91039,-3.963373
2.807869,4.495248,4.780138,-5.188093,2.694352,3.560788,-3.509113
0.9010594,1.792207,-4.802374,-4.325323,-5.964348,0.04089484,-1.810264
2,4
2.917015,0.3013229,-6.552164,2.066342
-1.792099,0.5240085,1.638315,2.269256

3
6,11
-3.929946,-3.736915,2.957173,-2.106991,5.946936,-1.971107,-0.3994271,-2.682856,-1.933109,-1.308311,0.7184241
-3.262077,0.7495315,-2.508783,-1.775962,0.1558629,1.042121,2.723476,-7.81164,-2.61955,-9.232409,-2.648284
2.452053,-2.487824,1.187881,2.92899,1.531122,3.849555,1.717849,-0.1088616,-1.761086,2.706435,-2.801996
-1.709827,-1.938558,-4.185459,1.235588,6.624131,-3.013364,4.075436,-7.34329,1.861655,-6.074054,8.116611
4.159764,-2.773487,3.821509,-4.452819,-4.861501,3.617507,5.379206,-6.190783,1.491995,-0.3947395,-2.72156
3.221985,-0.1734691,3.671119,0.3215143,-1.949084,0.7916114,-2.430656,0.4010112,1.413301,-0.5940586,-1.075049
3,7
0.2563393,-3.68331,0.9478558,4.048584,-0.8697886,-3.91039,-2.436359
2.929821,4.662074,4.35683,-4.186851,3.587441,3.601711,-3.371644
0.3355625,1.371212,-5.050994,-4.499996,-6.461017,0.04089484,-0.480875
2,4
2.217976,1.260304,-5.286506,2.066342
-1.942557,-0.002432168,1.638315,2.66493

3
6,11
-2.629918,-2.620438,2.519259,-1.878663,6.556492,-2.685009,-0.9422783,-2.670668,-2.290887,-1.541798,1.180563
-3.03476,1.486258,-2.04743,-1.112563,0.1558629,0.8492135,4.283032,-8.618944,-2.383798,-9.232409,-1.45657
2.452053,-1.746036,1.187881,1.966854,1.914034,4.472592,2.696134,0.7462251,-1.761086,2.170208,-3.299972
-1.815838,-2.888519,-5.341388,0.3501731,7.29895,-2.971719,5.423939,-7.12372,0.6679096,-5.390385,7.806639
3.650331,-2.588847,2.994123,-4.083316,-5.711373,2.317395,5.041414,-6.190783,1.570958,-0.3947395,-2.72156
3.221985,-0.5353517,3.671119,0.6783006,-1.949084,-0.2236386,-3.536759,1.007506,1.413301,-1.436836,-1.970336
3,7
-0.695266,-3.656012,1.018636,5.73451,-1.380749,-3.033411,-4.694283
2.167055,4.125604,5.265765,-5.016091,2.694352,3.560788,-3.973108
0.1018316,1.712903,-4.857068,-4.499996,-5.964348,-0.6618739,-1.123805
2,4
2.11175,0.4145204,-7.358267,1.215696
-0.7347591,0.1306499,0.666708,2.581431

3
6,11
-2.944855,-3.368022,2.519259,-1.878663,6.756858,-1.971107,-1.032398,-2.354378,-1.408976,-1.24973,0.7184241
-3.804847,1.486258,-3.416356,-0.8631419,0.1558629,1.351486,3.707768,-8.044922,-2.439748,-9.232409,-2.06987
2.750162,-1.732467,1.187881,2.243773,1.115858,4.641225,3.121091,0.5177165,-1.761086,2.422154,-3.415842
-1.816441,-1.938558,-5.094041,0.8472793,6.624131,-2.059661,4.557179,-7.34329,1.401287,-5.075205,7.898726
4.159764,-2.490503,3.416685,-4.328597,-5.615563,3.108277,4.995222,-6.85036,1.292913,-0.6689749,-2.72156
3.221985,0.341278,3.671119,-0.3256457,-1.949084,0.4777566,-3.720985,0.4010112,1.413301,-1.436836,-1.186899
3,7
0.2563393,-3.410863,1.008003,4.318223,-0.4479184,-3.91039,-3.324075
2.807869,4.125604,4.780138,-4.018175,3.27539,3.681978,-3.965448
-0.09746031,1.792207,-5.010402,-4.499996,-5.964348,-0.8249418,-0.7986364
2,4
2.34089,0.3013229,-5.692032,2.563133
-1.494267,-0.002432168,1.401683,2.66493

3
6,11
-3.577737,-3.368022,3.292785,-2.141539,7.671719,-2.710499,-0.7241323,-3.16318,-1.408976,-1.24973,0.00412178
-3.262077,2.14991,-2.04743,-1.775962,0.1558629,1.351486,2.748072,-7.81164,-2.383798,-9.487206,-0.719421
2.865471,-1.704593,1.443518,2.009416,1.531122,3.849555,2.696134,0.6989403,-1.761086,2.706435,-2.801996
-1.793417,-2.18576,-5.19364,0.8472793,6.624131,-3.013364,2.957491,-7.374993,1.401287,-4.399309,8.516521
4.159764,-2.99797,2.926346,-4.141725,-4.868551,3.108277,5.822851,-6.190783,1.844427,-0.1993156,-2.72156
3.094703,-0.1734691,3.104063,-0.3256457,-2.831095,1.264627,-2.787131,0.8051355,1.413301,-1.436836,-1.449262
3,7
-0.3489816,-3.565086,0.9478558,4.862005,-1.340251,-4.010967,-2.779911
2.546894,4.125604,5.41995,-4.848889,2.694352,3.560788,-3.509113
0.3310993,2.021187,-5.070768,-4.499996,-5.684955,0.04089484,-1.123805
2,4
2.630185,0.3013229,-6.091616,2.066342
-1.980499,-0.002432168,2.223468,2.866694

3
6,11
-2.944855,-3.319925,2.854138,-2.82348,6.756858,-1.971107,-1.032398,-3.225303,-1.971924,-0.6100857,1.151282
-3.272911,1.486258,-2.04743,-1.775962,-0.2153077,1.351486,2.897365,-8.39366,-2.123703,-9.232409,-1.017843
2.452053,-1.817591,1.187881,2.065848,1.400979,3.849555,2.696134,0.7435387,-1.761086,2.048623,-3.591358
-1.265387,-2.249582,-5.094041,0.1005228,5.884746,-3.013364,4.322448,-6.618135,1.241967,-5.390385,8.204093
5.110512,-2.490503,3.821509,-3.65018,-4.671968,3.108277,5.379206,-5.194916,1.600714,-0.3947395,-2.72156
3.221985,-0.1734691,3.394662,0.0208964,-1.949084,-0.4374856,-2.025614,-0.07390136,1.703595,-1.436836,-1.449262
3,7
-0.1300567,-3.410863,1.616597,4.862005,-0.8697886,-3.525644,-4.959177
2.57197,4.125604,4.780138,-5.016091,2.694352,3.560788,-3.307222
0.07301577,2.021187,-5.010402,-4.499996,-5.692365,0.5104399,-1.796242
2,4
2.630185,-0.1367222,-6.552164,2.88029
-1.839317,-0.002432168,1.142594,2.66493

3
6,11
-3.444396,-3.368022,2.519259,-1.767251,6.899681,-1.971107,-0.3357027,-3.16318,-1.408976,-3.327623,1.148774
-4.089321,0.8805715,-2.498351,-1.775962,0.1558629,2.220625,3.707768,-8.375547,-1.912653,-8.761687,-0.719421
2.452053,-2.487824,1.550285,1.966854,0.3680747,3.849555,2.696134,0.5177165,-1.250854,2.352026,-2.801996
-1.816441,-1.637918,-5.094041,1.235588,5.198738,-2.469163,3.907218,-7.34329,1.401287,-5.91228,8.085567
5.151126,-2.159533,2.926346,-4.032365,-4.685472,3.108277,5.379206,-5.508092,1.844427,-0.3947395,-2.72156
3.221985,-0.272082,2.823442,-0.3256457,-1.949084,0.9300889,-2.105878,0.4010112,1.413301,-1.782549,-0.9384397
3,7
0.2563393,-2.830029,0.9478558,4.862005,-0.8697886,-3.91039,-3.577244
2.342325,3.254771,4.780138,-5.211615,2.266726,3.316977,-3.509113
0.07301577,2.24743,-5.980251,-4.332103,-5.964348,-0.1243565,-1.123805
2,4
1.836645,1.260304,-6.552164,2.066342
-1.494267,-0.002432168,1.227138,2.66493

3
6,11
-2.16656,-3.158203,2.519259,-2.096279,6.756858,-1.947862,-0.5876703,-2.682856,-1.408976,-1.24973,0.5689963
-4.249496,0.6009121,-1.515508,-1.760695,0.1558629,1.140018,3.707768,-7.767513,-3.174483,-9.232409,-2.49789
2.452053,-1.533273,0.5908117,1.966854,1.531122,4.68021,2.696134,0.05247617,-1.853345,2.706435,-2.790027
-1.635705,-1.938558,-5.301139,1.102015,5.675751,-3.209566,4.690654,-7.34329,2.031362,-4.660314,8.516521
4.853879,-2.257392,2.926346,-4.867761,-4.861501,3.108277,5.379206,-6.190783,1.844427,-0.3947395,-2.72156
2.45026,0.560875,2.774994,-0.4917612,-1.896741,0.4530067,-2.188053,0.4010112,1.413301,-1.436836,-1.449262
3,7
-0.5158423,-3.097586,0.5059614,4.779656,-0.5245807,-3.91039,-3.963373
2.807869,4.393805,4.780138,-4.970081,1.714298,3.560788,-3.948782
-0.6956922,2.021187,-4.681456,-4.076606,-5.964348,-0.9157482,-1.123805
2,4
2.654212,0.934153,-6.552164,2.066342
-1.494267,-0.3017125,2.201335,2.66493

3
6,11
-2.944855,-4.285217,1.734254,-1.878663,6.756858,-1.78535,-1.032398,-3.16318,-0.8966298,-0.5968986,-0.09088039
-3.262077,1.486258,-1.750062,-1.775962,-0.8432375,1.345458,3.707768,-8.405648,-2.383798,-9.232409,-0.719421
2.452053,-2.487824,0.9956526,2.73545,1.935737,4.097079,1.807748,0.7462251,-1.740391,2.706435,-2.790027
-2.13495,-2.18576,-6.057997,1.076267,5.884746,-2.464913,3.907218,-8.246487,1.401287,-5.965425,7.825497
4.942569,-3.194696,2.926346,-4.41022,-4.861501,3.108277,5.760606,-6.190783,0.8434019,-0.6801798,-2.72156
3.221985,-0.1734691,2.823442,0.0208964,-2.934766,1.142565,-2.787131,0.4010112,1.413301,-1.436836,-1.418828
3,7
0.2563393,-3.410863,0.9478558,5.151474,-0.274791,-3.734671,-3.963373
2.807869,4.125604,5.417089,-5.016091,3.391822,3.398422,-3.509113
-0.6435193,2.021187,-5.010402,-4.499996,-6.282735,-0.8819419,-1.123805
2,4
1.742003,1.260304,-6.966486,2.209472
-1.494267,-0.002432168,0.666708,2.722499

3
6,11
-2.944855,-3.368022,2.519259,-1.004511,6.756858,-1.432337,-0.6564209,-3.16318,-1.408976,-0.4782696,0.7184241
-3.932582,1.169224,-2.993159,-1.283067,0.1558629,1.594568,2.748072,-8.202896,-1.434677,-9.232409,-1.014867
2.655937,-3.036898,1.187881,1.966854,0.6065835,4.257884,3.122897,0.9679531,-1.744357,2.592773,-3.798427
-1.072643,-2.207604,-5.094041,1.279266,6.624131,-3.013364,4.182611,-7.34329,1.401287,-4.759151,8.516521
4.159764,-2.667809,2.926346,-4.141725,-4.861501,2.234719,5.379206,-6.190783,1.001441,-0.5649526,-2.72156
3.221985,0.560875,3.671119,-0.3256457,-1.949084,0.4530067,-2.787131,0.6273904,1.413301,-1.327902,-0.8109335
3,7
0.2563393,-4.045546,1.931695,4.862005,-0.8697886,-4.814475,-3.963373
2.157436,4.125604,4.780138,-5.016091,2.694352,2.718003,-3.509113
0.07301577,2.723068,-4.752881,-4.37499,-5.964348,0.04089484,-1.731213
2,4
2.11175,0.264011,-6.039162,2.091357
-0.6068964,-0.8866385,0.9580235,2.66493

3
6,11
-2.944855,-3.216849,3.18771,-1.878663,6.292946,-1.971107,-1.752352,-3.412204,-1.408976,-1.24973,0.7184241
-3.262077,1.485577,-2.508783,-1.056245,0.692021,1.351486,4.337825,-8.303221,-3.327152,-10.1222,-0.719421
2.452053,-3.364723,0.9499089,1.966854,1.531122,4.585543,2.696134,-0.06010175,-1.761086,2.816395,-2.890621
-1.467139,-2.068275,-5.094041,1.235588,6.624131,-3.013364,5.007568,-7.963392,1.401287,-5.390385,8.516521
4.159764,-2.490503,2.926346,-4.141725,-4.685472,3.343614,5.396576,-6.190783,1.03719,-0.5649526,-2.72156
3.221985,-0.648842,2.823442,0.5389721,-1.949084,0.2789911,-2.906543,-0.07830447,2.102845,-2.224692,-2.395442
3,7
-0.3489816,-4.175133,1.21053,5.192404,-0.4437435,-3.91039,-2.436359
2.591367,4.393805,5.145281,-5.945821,2.541282,4.201737,-3.236077
0.07301577,1.792207,-4.348462,-5.387398,-5.964348,-0.004839689,-1.123805
2,4
2.630185,0.2641906,-5.908257,2.066342
-1.792099,0.3493074,1.638315,2.482097

3
6,11
-2.944855,-3.368022,2.029732,-1.971259,6.099716,-1.451236,-1.944298,-2.773292,-0.8966298,-2.069197,0.7184241
-2.474736,1.486258,-2.04743,-1.664471,-0.2453482,1.923365,3.707768,-7.81164,-2.383798,-8.24931,-0.719421
2.555392,-1.696686,1.926196,1.390852,1.09876,3.849555,1.831091,0.5177165,-1.771324,2.706435,-2.801996
-2.402486,-2.840006,-5.094041,1.028681,5.683176,-3.013364,4.557179,-7.34329,1.401287,-5.425382,9.1451
4.347657,-1.600588,2.087177,-5.254936,-4.861501,2.424175,5.379206,-6.572771,2.651814,0.05752763,-2.72156
3.481165,0.183685,3.671119,0.7229891,-1.714928,0.4530067,-2.787131,-0.0373351,0.5440524,-1.306877,-1.449262
3,7
-0.2901717,-3.410863,0.8129077,4.317023,-0.8697886,-3.91039,-3.963373
2.636426,4.125604,4.280073,-5.016091,3.246944,3.601711,-3.509113
0.604915,2.00594,-4.752574,-4.499996,-6.282735,0.04089484,2.291808
2,4
3.219161,0.3013229,-7.191963,2.066342
-1.494267,-0.1763503,2.291989,3.170051

3
6,11
-3.503837,-3.368022,2.519259,-2.139793,6.756858,-0.9295785,-1.269745,-3.16318,-2.171699,-0.7681448,0.9618379
-3.657808,0.5091131,-2.04743,-2.652326,0.1558629,1.976985,3.707768,-7.81164,-2.95907,-10.12647,-2.310139
2.168715,-2.487824,2.147857,1.966854,1.531122,3.849555,2.696134,0.5177165,-1.761086,2.706435,-1.837614
-2.592511,-2.418435,-5.258564,0.8472793,7.413511,-3.512368,4.322655,-7.34329,0.7230003,-4.600529,8.57984
4.159764,-2.805386,2.926346,-5.375315,-4.487,1.448929,5.379206,-5.761302,1.647775,-0.5167208,-3.155962
3.73631,0.5776591,3.671119,-0.33573,-1.949084,1.445655,-3.224657,-0.5902656,1.413301,-1.436836,-1.449262
3,7
0.9497437,-3.478434,1.047079,5.049998,-0.287977,-4.061579,-3.301244
2.807869,3.487078,4.780138,-4.996912,2.694352,3.560788,-3.509113
0.8702613,1.119516,-5.608812,-4.499996,-5.964348,0.2055149,-1.123805
2,4
1.696181,1.260304,-7.471723,2.066342
-1.494267,-0.002432168,1.638315,2.66493

3
6,11
-3.667553,-3.368022,1.701598,-1.761729,6.756858,-1.971107,-0.7765262,-3.16318,-0.7234495,-1.24973,1.288487
-3.560221,1.486258,-2.353348,-1.155991,1.021849,2.214677,3.421716,-7.988336,-2.383798,-9.056829,-0.719421
2.452053,-2.593271,0.2639451,1.966854,1.311932,3.849555,2.321562,0.5177165,-1.761086,2.706435,-2.790027
-2.814949,-1.938558,-5.850729,0.8472793,6.496417,-3.013364,4.234013,-7.970155,1.904774,-4.660314,8.723795
3.906881,-2.960093,2.276385,-4.452819,-4.431812,3.108277,5.028859,-6.190783,0.8380151,-0.5649526,-2.72156
2.44417,0.692017,3.013312,0.0208964,-1.949084,-0.3507086,-2.787131,0.8051355,0.7093983,-1.436836,-2.097909
3,7
-0.3836689,-3.410863,0.9251835,4.862005,-0.8697886,-4.174349,-3.963373
2.807869,4.125604,5.353864,-4.186851,3.037807,3.421692,-4.263428
0.07301577,1.161899,-5.010402,-4.358383,-5.964348,0.7614106,-1.123805
2,4
2.103473,0.3013229,-6.552164,2.066342
-1.494267,-0.002432168,1.638315,3.524235

3
6,11
-3.761161,-3.651664,2.519259,-3.455611,7.663523,-1.794356,-1.192835,-3.05657,-1.408976,-1.040064,0.7184241
-3.262077,1.339967,-2.04743,-1.775962,-0.1498871,2.892238,3.707768,-7.81164,-2.674903,-8.722843,-1.550585
2.452053,-2.487824,1.750576,1.283133,-0.2464592,3.849555,2.696134,1.369766,-1.761086,2.706435,-2.790027
-1.816441,-2.191047,-4.152956,-0.1004584,7.007483,-3.013364,3.907218,-6.421442,0.735852,-5.927661,8.516521
3.506187,-2.490503,2.926346,-4.069316,-4.900063,3.108277,4.465953,-6.190783,1.03719,0.1276304,-2.72156
3.221985,-0.1734691,2.685938,0.2745001,-1.949084,0.2203868,-2.787131,0.8051355,0.775784,-1.436836,-1.449262
3,7
0.2563393,-3.410863,0.1580743,4.862005,-0.8697886,-3.894749,-3.963373
2.057445,3.97651,4.780138,-5.39209,2.556132,3.560788,-3.509113
0.07301577,1.279847,-5.010402,-3.835003,-5.964348,0.5606505,-1.123805
2,4
2.630185,1.260304,-6.027147,2.88627
-1.494267,0.3947925,1.638315,2.66493

3
6,11
-2.944855,-3.368022,2.519259,-1.878663,6.756858,-1.971107,-1.257159,-2.492841,-2.371343,-1.24973,0.7184241
-3.262077,0.9915143,-2.04743,-1.636767,0.1558629,1.259773,3.038119,-6.832934,-2.383798,-9.232409,-0.719421
2.452053,-3.270768,1.307429,1.966854,2.363292,2.911341,3.608051,0.5177165,-1.861561,2.706435,-3.048423
-1.351589,-1.938558,-5.195329,0.3709956,6.624131,-2.128397,4.917939,-7.34329,1.401287,-5.420228,8.169479
3.95434,-2.029125,2.155847,-4.600825,-4.493607,3.101778,4.695198,-6.190783,1.844427,-0.2331011,-2.72156
3.206834,-0.1734691,3.671119,-0.2835876,-1.949084,0.6863812,-2.997149,0.3437777,0.6198459,-1.436836,-1.449262
3,7
0.2563393,-2.703848,0.9478558,5.728437,-0.8697886,-3.91039,-3.963373
3.558646,4.393805,4.780138,-4.288683,2.241673,3.570032,-4.25106
0.07301577,2.021187,-4.66158,-4.705884,-5.964348,0.04089484,1.304169
2,4
2.630185,0.3013229,-7.1457,1.274079
-1.846129,0.1225699,1.638315,2.66493

3
6,11
-2.969853,-3.842882,1.87785,-1.600035,6.376466,-1.451236,-0.3901744,-2.866355,-2.112875,-1.24973,0.7184241
-4.089321,1.223406,-2.868785,-1.775962,-0.739117,2.076562,3.075422,-7.81164,-2.383798,-9.038286,-1.530614
2.452053,-2.484836,0.9469038,1.966854,1.531122,4.1058,2.321562,1.493918,-2.516889,2.066086,-2.010537
-1.056726,-1.938558,-5.094041,0.8472793,6.624131,-3.013364,3.907218,-7.34329,1.401287,-5.390385,8.178051
3.977284,-2.490503,2.047269,-4.605765,-4.904,2.623077,4.411311,-6.190783,1.99673,-0.5945516,-1.935532
2.244501,-0.1734691,3.679502,-0.3256457,-2.096927,0.4530067,-3.305346,0.3296538,2.110088,-1.436836,-2.14501
3,7
1.162241,-4.010805,0.5715685,4.862005,-0.8697886,-4.12953,-4.162001
2.807869,4.125604,4.780138,-4.186851,2.504868,3.601711,-3.809507
0.07301577,1.533203,-5.010402,-4.499996,-6.282735,0.04089484,-1.123805
2,4
3.037687,0.3013229,-7.006804,2.066342
-1.490557,-0.2424909,1.638315,2.66493

