3
6,11
-3.303588,-3.785969,2.659257,-2.06196,7.33771,-1.807888,-0.6062587,-2.520282,-2.248258,-2.515359,0.3400989
-4.095936,1.459281,-2.416115,-1.304771,0.1706559,0.8180513,4.118365,-7.341619,-3.058675,-8.726435,0.1280113
2.118446,-1.992914,1.187881,2.399496,1.531122,3.347218,3.026486,0.332287,-1.316849,2.810011,-3.39559
-1.799876,-2.32042,-4.614044,0.9984431,6.287948,-2.794302,4.151024,-7.374281,1.44728,-5.29587,8.266327
4.159764,-2.24047,3.308373,-4.43906,-4.567166,3.06146,5.800291,-6.190783,2.559849,-1.365273,-2.26677
3.777396,-0.6177137,2.312086,0.7743264,-2.049633,0.07227859,-3.016114,0.005040616,1.575252,-1.436836,-1.040085
3,7
-0.3256997,-3.222561,1.381056,4.045479,-0.4078034,-4.385876,-4.419813
3.01771,4.835637,4.543496,-5.643941,3.226566,3.24618,-4.457913
1.265257,2.043755,-5.785935,-4.729968,-7.11895,0.3732322,1.586476
2,4
1.595522,0.3232704,-5.860223,1.71508
-1.738922,0.296561,1.925282,2.54254

3
6,11
-3.164131,-2.988501,3.336015,-2.547627,7.502974,-2.468105,-1.000388,-2.257691,-1.408976,-2.083858,0.5221245
-4.095936,1.52067,-2.04743,-1.796805,-0.3750075,1.360098,3.707768,-7.776528,-3.357677,-8.561493,0.2932172
2.094777,-2.238826,1.187881,1.793603,1.928876,3.531872,2.740588,0.4065305,-1.337296,2.551762,-4.2556
-1.177702,-1.748836,-5.151347,0.8472793,5.537172,-3.150167,3.424195,-7.115716,2.075327,-5.268331,8.835028
4.35981,-2.490503,3.760252,-4.452819,-4.540288,3.13687,5.831452,-6.455922,2.073671,-1.136571,-3.170486
3.777396,0.2161922,2.349975,0.6241674,-1.873817,0.8984846,-3.122489,0.4010112,1.471093,-1.805798,-0.8843644
3,7
0.03136653,-2.955836,0.8717264,4.126944,-0.4235567,-3.90838,-3.86538
3.277484,4.654813,4.676848,-5.614543,2.694352,3.115869,-3.509113
0.6288182,2.138449,-5.603041,-4.30205,-6.428504,-0.1131882,1.753023
2,4
1.252345,0.7877592,-6.245954,2.50429
-2.078844,-0.05257603,0.3460059,2.910672

3
6,11
-3.181295,-3.565865,3.547328,-2.089892,8.214934,-1.94964,-1.246597,-2.875396,-1.408976,-2.24916,0.7184241
-4.095936,1.133568,-2.256575,-2.260333,-0.2744737,1.286959,3.707768,-7.55118,-3.767911,-9.247682,0.5540741
1.673655,-2.693706,1.515634,1.870619,1.25799,3.478064,3.161118,1.096804,-1.704815,3.110853,-3.551945
-1.874362,-2.335293,-5.1969,1.343899,5.884746,-3.232958,4.169619,-7.011422,1.647627,-5.390385,8.492043
4.031082,-2.490503,3.187169,-4.348385,-4.861501,3.388141,5.873556,-6.221412,2.713458,-0.9441117,-3.056783
4.200805,-0.04926607,2.902745,0.717849,-1.896412,0.5464195,-2.935057,0.4502304,1.719839,-1.436836,-1.07003
3,7
-0.05247003,-3.011395,0.7217145,4.302955,-1.264561,-4.215938,-3.799546
3.132835,4.516969,4.774568,-5.635864,2.694352,3.51605,-3.984204
1.039536,2.217255,-5.021096,-4.499996,-6.671391,-0.08809552,1.481825
2,4
1.736204,0.3013229,-6.459807,1.902216
-1.399373,-0.02856549,1.869486,2.646544

3
6,11
-3.072677,-3.735249,2.519259,-1.468677,7.607314,-2.165433,-1.032398,-2.093793,-1.88971,-2.622715,0.7184241
-4.278262,0.7073826,-2.408288,-1.353081,-0.4076332,1.200695,4.109757,-7.746279,-3.586413,-9.064228,0.1139947
1.77076,-1.998948,1.546149,1.966854,1.531122,3.007814,3.026486,0.3367152,-1.247482,2.407185,-3.315182
-2.088724,-2.074846,-4.833445,0.8217977,6.033681,-2.628538,4.514933,-7.399585,1.297935,-4.550227,8.403044
4.073127,-2.314568,3.597422,-4.454784,-4.861501,2.655291,5.830115,-6.268582,0.9366261,-1.290465,-2.72156
3.876405,-0.6047652,2.564579,1.04349,-1.944976,0.1520958,-2.787131,0.4010112,1.376733,-1.234416,-1.004852
3,7
-0.3514695,-3.256182,1.283711,4.106269,-0.760078,-4.038458,-3.924916
2.911269,4.654813,4.676848,-5.052954,3.134373,3.489067,-3.116101
0.607193,2.034599,-5.392255,-4.414024,-6.671391,0.1401832,1.121347
2,4
1.604534,-0.04212931,-6.091616,2.462996
-1.794367,0.1241611,1.836028,2.339511

3
6,11
-2.53613,-3.310582,2.835684,-2.262698,7.170717,-1.971107,-1.195058,-2.271244,-1.4347,-2.515359,0.7184241
-4.401335,1.133568,-2.04743,-1.775962,-0.3005542,1.412255,4.031811,-7.396389,-3.257878,-9.200753,0.3336365
2.208766,-2.941005,1.187881,2.030133,1.531122,3.557235,3.288293,0.5475083,-0.9960417,2.652266,-3.758454
-2.215869,-2.403827,-4.948597,0.9139804,5.416201,-3.261151,4.151568,-7.34329,1.412433,-5.613411,8.43701
4.293632,-1.550429,3.628652,-4.446862,-5.299216,3.13687,5.081946,-6.541027,2.234469,-0.4482793,-2.298026
3.777396,0.1466499,3.203464,0.6241674,-1.482545,0.6249287,-3.057843,1.090257,1.292083,-1.008536,-0.5991244
3,7
0.3544024,-3.254098,1.011176,4.126944,-1.216563,-4.124948,-4.221279
2.885437,4.708072,4.676848,-5.540658,2.694352,3.2717,-3.85879
1.039536,2.047976,-5.392255,-4.58892,-6.671531,-0.09974083,1.384181
2,4
1.595522,0.1076839,-6.091616,1.991923
-1.33611,0.06844,0.5414304,2.334627

3
6,11
-3.017496,-3.678437,3.01174,-1.466178,7.027419,-1.845111,-1.49777,-2.837597,-1.264971,-2.515359,0.8461983
-4.397318,1.394312,-2.280067,-1.891027,0.1350479,0.8334806,3.707768,-7.625312,-3.02574,-8.987005,-0.1223755
2.087944,-2.435934,0.9858922,2.252775,1.531122,3.068746,3.422206,0.3261936,-1.666684,3.199438,-3.448125
-0.6056384,-2.079138,-4.482094,0.8224782,5.863315,-2.664153,3.560472,-7.362597,1.411906,-5.20675,8.890482
4.057606,-1.934755,3.986116,-4.452819,-5.252836,3.255134,5.645793,-6.320476,2.359716,-0.8802063,-2.645611
3.78054,-0.1734691,2.834794,0.6241674,-1.95236,0.9527782,-2.787131,0.4010112,1.223587,-1.572325,-1.247306
3,7
-0.2763419,-3.410863,0.9478558,4.255337,-0.5382645,-4.114328,-4.103631
2.592026,4.69963,4.676848,-5.31612,3.033675,3.560788,-3.310324
1.106241,2.021187,-5.392255,-4.288772,-6.671391,0.04089484,1.260602
2,4
2.004397,0.3013229,-5.619644,2.066342
-1.069032,0.3689118,0.666708,2.993369

3
6,11
-3.324716,-3.962039,2.519259,-1.878663,7.134602,-1.971107,-1.032398,-2.329884,-1.201956,-2.473974,0.6901254
-4.367863,0.8879305,-2.611911,-1.902151,0.04615518,1.093096,3.324335,-7.597744,-3.018302,-8.910212,0.5926455
1.89838,-2.337157,0.931193,1.678791,1.255131,3.347218,3.010202,0.4879403,-0.8478006,3.001714,-3.582767
-2.088724,-1.92981,-4.763953,0.4537504,5.518007,-3.500488,4.333636,-6.994384,1.616596,-4.890121,8.584541
4.063986,-1.934755,3.607515,-4.502582,-4.861501,3.13687,4.983371,-6.625181,2.390505,-0.7754253,-2.719897
4.0941,-0.4677241,2.75176,0.2264643,-2.197956,0.4777566,-3.238686,0.1708854,1.473177,-1.068312,-0.9971088
3,7
-0.01100743,-2.931093,0.9478558,3.702486,-1.078429,-4.412487,-4.059497
2.807869,4.654813,4.639415,-5.31612,2.843139,3.560788,-3.509113
0.4968102,2.38323,-5.497048,-4.808509,-6.493527,0.125301,1.73315
2,4
1.126173,0.4046617,-6.091616,2.384085
-1.494267,0.472269,0.666708,2.608592

3
6,11
-2.944855,-3.742966,2.519259,-1.878663,7.33771,-1.971107,-1.032398,-2.657081,-1.408976,-2.515359,0.7184241
-4.095936,1.133568,-2.04743,-1.804564,-0.2744737,1.200695,3.707768,-7.341619,-3.357677,-8.910212,0.1280113
2.118446,-2.487824,1.187881,1.966854,1.531122,3.347218,3.026486,0.7462251,-1.247482,2.706435,-3.758454
-2.088724,-1.938558,-4.762413,0.8472793,5.884746,-3.013364,3.907218,-7.34329,1.616596,-5.390385,8.516521
4.436702,-2.490503,3.55561,-4.452819,-4.861501,3.13687,5.379206,-6.190783,2.234469,-0.9441117,-2.72156
3.777396,-0.1734691,2.796381,0.6241674,-1.949084,0.4777566,-2.787131,0.4010112,1.413301,-1.436836,-1.07003
3,7
-0.01100743,-3.410863,0.9478558,4.126944,-0.8697886,-4.038458,-3.963373
2.807869,4.654813,4.676848,-5.31612,2.694352,3.560788,-3.509113
1.039536,2.021187,-5.392255,-4.499996,-6.671391,0.04089484,1.260602
2,4
1.595522,0.3013229,-6.091616,2.066342
-1.494267,0.1241611,0.666708,2.608592

3
6,11
-3.013242,-3.716459,2.628203,-1.878663,7.081152,-1.967299,-0.904613,-2.538321,-1.497031,-2.890028,1.182061
-3.988627,1.133568,-2.04743,-1.988555,-0.2744737,1.199654,3.511677,-7.341619,-3.569172,-8.665104,0.2965029
2.235886,-2.473146,1.110121,2.170629,1.329674,2.85732,2.620967,0.7896325,-1.064418,3.015275,-3.758454
-2.046551,-2.105354,-5.03651,0.8472793,5.675606,-2.946337,3.716252,-7.34329,1.804918,-5.135661,8.166417
4.436702,-2.093047,3.308064,-4.376829,-4.833657,3.13687,5.616592,-6.075282,2.234469,-0.8927384,-3.152197
3.500974,0.129981,2.796381,1.046636,-1.480059,0.3527644,-2.494732,0.07119963,1.413301,-1.436836,-1.07003
3,7
-1.165293,-2.945425,0.6569588,4.057064,-1.266872,-4.038458,-3.963373
2.812024,4.868729,4.882455,-5.447609,3.650674,3.46013,-3.017213
0.7464007,2.021187,-5.409811,-4.240073,-6.642822,0.3833255,1.260602
2,4
1.670432,0.3013229,-6.157312,1.693414
-1.39931,-0.08611544,0.8399645,2.145056

3
6,11
-2.86901,-3.33373,2.826896,-1.478539,7.026462,-2.20664,-1.261763,-2.879133,-1.408976,-2.800692,1.077339
-4.229741,0.8790621,-2.04743,-2.074066,-0.2744737,0.9074111,3.870938,-7.603435,-3.514646,-9.263852,-0.3137
1.742988,-2.487824,1.187881,1.973419,1.916784,3.488954,2.999073,0.9207021,-0.9722459,2.679549,-4.241925
-0.6353942,-2.336107,-4.34871,0.3698188,6.124845,-3.417233,3.742009,-7.687333,1.287243,-5.349167,8.516521
4.496939,-2.581542,3.451972,-4.207546,-4.623468,4.151191,5.327848,-6.495306,1.766392,-0.8860642,-3.090115
4.081212,-0.2882371,2.786393,0.2213058,-1.670937,0.4777566,-2.796446,0.4010112,1.511499,-1.108309,-1.538393
3,7
-0.4440088,-3.245404,1.287426,3.73758,-1.048231,-3.772964,-4.427772
2.758836,4.353735,4.676848,-5.671834,2.296243,3.248944,-3.09506
0.7746173,1.689409,-4.754705,-4.150063,-6.671391,0.04089484,1.260602
2,4
1.706338,0.3013229,-6.12129,1.768957
-1.743826,0.4732157,0.7855783,3.051381

3
6,11
-2.58499,-4.016912,2.478718,-2.323864,7.33771,-1.971107,-0.3962215,-2.657081,-1.408976,-2.515359,0.8926474
-4.095936,0.828174,-2.484097,-1.633189,-0.5506858,1.415183,3.780284,-7.301763,-3.555749,-8.910212,0.04839219
1.73472,-2.939754,1.599051,1.801949,1.928627,3.016485,3.111659,0.9114915,-0.7970704,2.519909,-3.937478
-1.865528,-2.427544,-4.825022,0.8913823,5.454149,-2.662179,4.278432,-7.542879,1.839817,-5.515583,8.430375
4.86097,-2.969465,3.55561,-3.7009,-4.861501,3.021719,4.930878,-6.144743,2.234469,-0.9347582,-2.72156
3.518661,-0.1734691,2.916251,0.5833101,-1.949084,0.5947844,-2.787131,0.6472551,1.647202,-1.07175,-1.07003
3,7
-0.2829018,-3.410863,0.7638639,3.974865,-1.294505,-3.760334,-4.338304
2.821602,4.625721,4.196415,-5.449705,2.203303,3.560788,-3.80546
1.054562,1.65617,-5.051044,-4.469903,-6.671391,0.4701832,1.195543
2,4
1.38958,-0.1068962,-5.134562,2.241321
-1.912386,-0.3640169,1.154424,2.157812

3
6,11
-3.344513,-3.983596,2.249592,-2.076994,7.424421,-1.683965,-1.032398,-2.297988,-1.776989,-2.515359,1.075771
-4.095936,0.9909272,-2.148184,-1.775962,-0.2744737,0.751384,3.749,-7.341619,-3.468488,-8.442755,0.4723592
2.368329,-2.614441,1.187881,1.596517,1.531122,3.299397,2.954587,0.5542074,-1.247482,2.706435,-3.758454
-2.507395,-1.469371,-4.73435,1.32544,5.880201,-2.906726,4.070024,-7.022552,1.665479,-5.308107,8.926488
3.95666,-2.538952,3.55561,-4.302625,-4.69516,2.782884,5.115367,-6.078628,0.9207229,-0.5942463,-2.663381
3.777396,-0.1734691,2.490247,0.2410035,-1.589298,0.5496927,-2.983763,0.6409014,1.633392,-1.09782,-1.931103
3,7
0.2335603,-3.605227,0.9478558,4.126944,-0.4962236,-3.923045,-3.963373
2.807869,4.738655,5.31984,-5.30127,2.54628,3.781121,-3.342707
1.064417,1.613621,-5.464045,-4.162129,-6.384666,0.2213232,1.453621
2,4
1.615179,0.2682394,-5.787568,2.263849
-1.390335,0.208569,0.666708,2.335092

3
6,11
-2.944855,-3.605483,2.463008,-2.317323,7.581142,-1.971107,-1.032398,-2.794536,-1.689886,-2.073477,0.352312
-4.139331,0.8343805,-2.455331,-1.470184,0.07861778,2.256774,3.992841,-7.741116,-3.050533,-8.901416,-0.09818922
2.391355,-2.787725,1.187881,1.67915,1.564838,3.347218,3.026486,1.139745,-1.247482,2.349192,-3.763358
-2.088724,-1.624339,-4.740296,0.9570432,5.500332,-3.382424,4.290381,-7.26719,1.616596,-5.37182,8.250546
4.369931,-2.851315,3.590573,-4.047909,-4.861501,3.631776,5.379206,-5.945584,2.014318,-0.9441117,-2.431415
3.475456,-0.1734691,4.579196,0.4680508,-1.897051,0.4472144,-2.855346,0.794518,1.354024,-1.266488,-0.6407603
3,7
-0.2084598,-3.23462,0.7141523,5.965453,-0.9210554,-3.72046,-4.38828
2.425114,4.671916,4.61761,-5.774325,3.035084,3.529286,-3.986031
1.039536,1.826696,-5.392255,-4.499996,-5.493757,0.4665198,1.260602
2,4
1.590395,0.6738064,-6.187316,1.774217
-1.333872,-0.9663306,0.7789106,3.085478

3
6,11
-3.022189,-3.742966,2.519259,-1.547926,7.33771,-2.300565,-1.022474,-1.736804,-1.619744,-2.450256,0.643953
-4.116267,1.877126,-2.314643,-2.131706,-0.2744737,1.880756,3.692182,-7.431433,-3.357677,-9.660728,0.18235
1.807183,-2.954849,1.219704,1.470536,2.003349,3.347218,2.852518,1.234595,-1.247482,2.932787,-3.43995
-2.295494,-2.181054,-4.888175,1.330974,5.635007,-2.32059,3.806264,-7.476306,1.616596,-5.479638,8.195504
4.552222,-2.12011,3.248855,-4.595116,-4.809885,3.476048,4.91576,-6.603808,2.082843,-1.124654,-3.216732
3.917723,-0.2969361,3.084165,0.9242018,-1.600303,0.4777566,-2.544677,0.5146483,1.678359,-1.28987,-0.890318
3,7
-0.01100743,-2.996482,1.208221,3.984774,-0.6745141,-3.838448,-3.963373
2.41117,4.654813,5.095756,-5.016091,2.568427,3.231342,-3.509113
1.039536,2.021187,-5.208615,-4.499996,-6.671391,-0.4404244,-1.529845
2,4
1.952353,-0.02358606,-6.544698,1.601116
-1.767493,0.1241611,0.2429904,2.370706

3
6,11
-3.235506,-3.620284,2.06419,-1.483623,7.33771,-2.062485,-1.181004,-2.657081,-1.711995,-2.340535,0.8557937
-4.415261,1.132133,-1.64771,-1.804564,-0.03806548,1.200695,3.391349,-7.66357,-3.732553,-9.235648,-0.2814822
1.869947,-2.350322,1.187881,1.966854,1.296774,3.735512,3.029494,0.7462251,-1.482958,2.524645,-2.801996
-2.240711,-2.259912,-4.275871,1.30152,5.789671,-3.033748,4.565237,-7.517562,1.253196,-5.000799,8.892562
4.021825,-2.834194,3.913819,-4.615953,-4.861501,2.835141,5.472791,-6.293969,2.337285,-1.202287,-3.182083
3.597034,-0.6728449,2.747332,0.6961924,-1.949084,0.945004,-2.840202,0.09685692,1.824738,-1.37382,-1.030071
3,7
-0.04871613,-3.00675,1.425062,4.244905,-0.5415096,-4.421941,-4.947351
2.437028,5.011201,4.676848,-5.31612,2.722317,3.560788,-3.383292
1.039536,2.021187,-5.368089,-4.230333,-6.671391,0.5150416,-0.9247891
2,4
1.361815,0.1673953,-5.134562,2.108165
-1.671262,0.5457081,0.9644785,3.071996

3
6,11
-2.944855,-4.222998,2.420845,-2.337555,7.33771,-2.513633,-1.032398,-2.28153,-1.231087,-2.655519,0.9564943
-4.392076,1.50598,-2.70529,-1.837736,0.01781281,0.7696383,3.26479,-7.784009,-3.354169,-8.59171,0.1280113
1.691043,-2.487824,1.345158,1.871648,1.468703,3.347218,2.842716,1.091751,-0.9057992,2.706435,-4.029629
-2.393232,-1.938558,-4.454199,0.8472793,6.343387,-2.600355,4.361113,-7.34329,1.444444,-5.664418,8.039535
4.571402,-2.235824,3.785776,-4.452819,-4.861501,3.167718,5.300354,-6.679058,0.6449447,-1.002669,-2.344517
3.3224,0.1198326,2.435144,0.1970902,-1.712897,0.7692879,-2.971312,0.7135704,1.431318,-1.591848,-1.06475
3,7
-0.1681105,-3.693821,0.6611853,4.417132,-0.9654659,-4.406425,-4.193697
2.807869,4.654813,4.827172,-5.307346,2.410344,3.560788,-3.263937
0.5547734,2.021187,-5.392255,-4.224134,-6.944526,0.04089484,1.528069
2,4
1.891066,0.1107686,-6.295034,2.111664
-1.64802,-0.09415802,0.5717044,2.406316

3
6,11
-2.790668,-3.408219,2.581442,-1.85167,7.33771,-1.562762,-0.8511857,-2.599821,-1.520411,-2.704688,0.5818946
-4.570556,0.7880503,-2.04743,-1.872281,-0.5621749,1.200695,3.707768,-7.81164,-3.357677,-8.889796,-0.1030488
2.014339,-2.868583,0.732917,1.773524,2.000529,3.557909,3.379337,0.7462251,-1.030268,2.323845,-3.536778
-1.616986,-1.808859,-4.75911,0.6877295,5.861196,-3.013364,4.115256,-7.810649,1.457321,-5.407531,8.6415
4.413217,-2.490503,3.55561,-4.452819,-4.861501,3.13687,4.921654,-5.9274,2.471522,-0.9925024,-2.767484
4.187312,-0.1734691,2.796381,0.6241674,-1.877779,0.8101929,-2.787131,0.515264,0.9382473,-1.272281,-1.065644
3,7
0.2953527,-3.333623,0.9478558,3.801065,-1.218243,-3.868074,-4.478404
2.923481,4.395457,4.907737,-5.170207,3.127792,3.88883,-3.509113
-0.3172813,2.212665,-5.865089,-4.499996,-6.522198,0.3872924,-1.352536
2,4
2.369135,0.3013229,-6.362738,1.861599
-1.350163,0.1241611,0.58663,2.543685

3
6,11
-3.186961,-3.355982,2.060536,-2.070199,7.634558,-1.619622,-0.8204346,-2.93437,-1.408976,-2.871677,0.7184241
-4.151128,1.133568,-1.752013,-1.656686,0.2032931,1.217817,3.707768,-7.691496,-2.907907,-8.630043,0.5912277
2.225131,-2.487824,1.165189,1.826527,1.319761,3.302455,3.406694,1.096183,-1.247482,2.706435,-3.770377
-2.153892,-2.076209,-4.559641,0.6208364,5.719132,-3.3976,3.907218,-7.62213,1.616596,-5.009721,8.810142
4.2896,-2.970078,3.53561,-4.452819,-4.419438,3.080335,5.760624,-6.190783,2.332618,-0.7835377,-3.082937
4.16875,-0.1734691,2.741749,0.6241674,-2.245377,0.7195718,-2.743273,0.02259967,1.413301,-1.584999,-1.410761
3,7
0.182108,-3.597304,0.9478558,3.681752,-0.92908,-3.916249,-3.586826
2.807869,4.392488,4.676848,-5.136599,3.180955,3.560788,-3.406883
1.488999,1.750248,-5.392255,-4.810635,-7.092652,-0.3474038,1.314716
2,4
1.595522,0.3013229,-6.404102,2.221173
-1.486202,0.1241611,0.3628043,2.168391

3
6,11
-3.044325,-3.931703,2.224647,-1.890568,7.903285,-1.600293,-0.8457674,-2.718362,-1.408976,-2.756353,0.7184241
-4.165736,1.238509,-2.711161,-1.804564,0.2215385,1.200695,3.722479,-7.35147,-4.054213,-9.286958,-0.254942
1.734299,-2.414179,1.187881,2.155388,1.076768,3.102171,3.093181,1.24196,-1.323181,2.543367,-4.140935
-2.078951,-1.938558,-4.762413,0.9348312,6.7885,-3.176092,3.924754,-7.022441,1.128589,-5.390385,8.516521
4.2958,-2.902224,3.55561,-4.452819,-4.861501,3.13687,5.601288,-6.337745,2.631177,-1.111649,-2.72156
3.50853,-0.1734691,2.996142,0.298156,-1.614392,-0.01401129,-3.281279,0.9148635,0.8239264,-1.28368,-1.533467
3,7
-0.356748,-2.947757,0.6820473,4.314179,-1.169558,-3.608249,-4.426242
2.807869,4.758741,5.040888,-5.31612,2.990237,3.334084,-3.740606
1.039536,2.500171,-5.392255,-4.36733,-6.671391,-0.4470575,1.260602
2,4
1.595522,0.5459463,-5.758291,2.066342
-1.552402,-0.1581114,1.086079,2.608592

3
6,11
-2.464544,-3.473264,2.660377,-1.382583,7.524637,-1.971107,-0.6335058,-2.657081,-1.408976,-2.031439,0.8613044
-4.04989,1.133568,-2.196707,-1.862632,-0.623355,1.139592,3.958169,-7.031181,-3.754397,-9.217691,-0.5217639
1.945703,-2.024993,1.128705,2.170103,2.024755,3.222025,2.696134,1.172645,-0.8040303,2.516681,-4.181172
-2.088724,-2.211793,-4.676348,0.8472793,6.028029,-3.013364,4.339961,-7.340442,1.616596,-4.732864,8.327901
4.436702,-2.911016,3.55561,-4.713334,-4.513546,2.69683,5.379206,-5.793437,1.900678,-0.8322967,-2.619428
3.370399,-0.07853398,2.910717,0.690403,-2.125412,0.8295894,-3.057034,0.5907372,1.138258,-1.099094,-1.524572
3,7
-0.01100743,-2.998164,0.6637182,3.798776,-0.5404894,-4.116571,-3.963373
2.701458,4.654813,4.315912,-5.422592,2.715229,2.971944,-3.989259
1.165502,2.274945,-5.714768,-4.480353,-7.114889,0.04089484,1.260602
2,4
1.595522,0.3013229,-5.998926,2.066342
-1.494267,0.1241611,0.4356099,2.296424

3
6,11
-3.321721,-3.385058,3.005557,-2.347585,6.872405,-1.971107,-1.032398,-2.488023,-0.9864591,-2.515359,0.6418198
-4.082289,0.7801809,-1.707122,-1.643568,-0.2744737,1.200695,3.772925,-7.613617,-3.265897,-8.905674,0.1280113
2.118446,-2.950004,1.187881,2.059982,1.611627,3.347218,2.737208,0.7462251,-0.7942135,2.706435,-3.812812
-2.274253,-2.058113,-5.306354,1.207982,5.884746,-2.32059,4.557179,-7.21419,1.165057,-5.664988,8.257376
4.634107,-2.093169,3.55561,-4.207458,-4.703676,3.940305,5.798904,-5.839971,1.830294,-0.9441117,-2.391512
3.842762,-0.3765336,2.796381,0.6241674,-2.223593,0.505863,-2.787131,0.5409594,1.684127,-1.354346,-1.449262
3,7
0.2149396,-3.887846,0.9478558,4.31861,-0.5641919,-3.91039,-3.963373
2.671282,4.393805,4.433228,-5.31612,2.750214,3.595052,-3.626824
1.039536,2.021187,-4.642619,-4.499996,-7.137828,-0.1266817,1.260602
2,4
1.733979,0.6510866,-6.39846,1.927021
-1.899883,-0.2829631,1.017611,2.224008

3
6,11
-2.895458,-3.436798,2.519259,-2.11704,7.356817,-1.971107,-1.032398,-2.657081,-2.060344,-2.538695,1.106856
-4.095936,1.133568,-2.24087,-1.662695,-0.2744737,1.200695,3.707768,-7.098546,-3.357677,-8.462702,-0.4018942
2.521951,-2.610075,1.286112,1.966854,1.531122,3.363238,3.518757,0.6766812,-1.282367,2.798575,-3.979491
-2.529048,-2.29029,-4.762413,0.5605634,6.016494,-3.242774,3.539709,-7.701774,1.616596,-5.704418,8.516521
4.87542,-2.437861,3.443439,-4.46153,-5.220948,3.13687,5.82053,-5.751174,2.477334,-0.6637847,-3.124253
3.836135,-0.2171348,2.964606,0.6241674,-2.146923,0.01600644,-2.787131,0.1742287,1.561065,-1.436836,-0.6502895
3,7
0.246076,-3.431746,1.044786,4.346317,-1.190384,-3.422728,-3.963373
2.437028,4.654813,4.55533,-5.31612,2.633144,3.560788,-3.079978
1.221725,2.518293,-5.535295,-4.97062,-6.671391,0.4641276,0.9169277
2,4
1.316076,0.3816998,-5.876726,1.908138
-1.495381,0.2251827,0.6627366,2.73678

3
6,11
-2.96646,-4.132811,2.30104,-2.230313,7.33771,-1.921027,-1.032398,-2.657081,-1.988856,-2.515359,0.3791177
-3.810972,1.057593,-1.969371,-1.384977,0.1546199,2.177159,3.794853,-7.341619,-3.197123,-9.852365,-0.06866327
2.561167,-2.487824,1.139135,2.432694,1.186586,3.160237,3.263841,0.6737639,-1.457414,2.25361,-3.758454
-1.913886,-2.281445,-4.679934,0.5166649,5.390442,-2.833778,4.211831,-6.971162,2.013391,-4.775896,8.895054
4.729093,-2.051306,3.573327,-4.452819,-4.807343,3.13687,5.379206,-6.190783,2.551782,-0.9441117,-2.868138
3.504318,-0.1401771,2.773004,0.6241674,-2.027823,0.6388962,-3.094365,0.8860192,1.294492,-1.879605,-1.3686
3,7
-0.4430722,-3.748829,1.25086,4.126944,-0.9108448,-3.91039,-3.90069
2.477408,5.092685,4.676848,-5.537046,2.566632,3.594249,-3.509113
0.9829114,1.888355,-5.392255,-4.745922,-6.187415,-0.2258996,1.562876
2,4
1.885933,0.4853122,-5.851958,2.12911
-1.494267,0.1241611,0.3941736,2.690908

3
6,11
-3.260433,-3.906359,3.134864,-1.60749,7.605846,-1.986414,-1.032398,-2.690047,-1.408976,-2.784691,0.4639934
-4.095936,1.165302,-2.376669,-1.63031,-0.4095559,1.441893,3.954257,-7.1072,-3.357677,-8.593102,-0.1813691
1.854459,-2.487824,0.9930636,2.072531,1.730895,3.036861,2.539233,0.4643068,-1.247482,2.549105,-3.956421
-2.257394,-2.273956,-5.01676,1.189387,5.884746,-2.674351,3.506113,-7.66091,1.551293,-5.062161,8.450715
4.436702,-2.851502,3.318771,-4.476248,-4.861501,2.675415,5.072601,-5.942556,0.6636629,-0.4660124,-3.03524
3.929584,-0.06495318,3.248852,0.8652367,-1.854694,0.1722811,-2.341983,0.6144702,1.235633,-1.054024,-1.782859
3,7
0.3570219,-3.694737,1.374021,4.260258,-0.8697886,-4.038458,-3.60664
2.437028,4.764118,4.676848,-5.64588,2.260767,3.564008,-3.50681
0.6557335,2.080147,-5.550378,-4.261593,-6.671391,0.2962422,0.9898247
2,4
1.595522,0.3013229,-5.6951,2.269968
-1.775169,0.1299377,2.30519,2.608592

3
6,11
-2.592378,-2.705624,2.936487,-1.427034,7.455772,-2.282102,-1.041689,-2.881355,-1.562319,-2.515359,0.7184241
-4.095936,1.613491,-2.524989,-1.862241,-0.2744737,0.9340498,3.707768,-7.598176,-3.797954,-9.132298,0.3983942
2.390422,-2.360083,1.42185,1.842488,1.123535,3.142467,2.778452,0.7462251,-1.384753,2.812524,-3.61826
-0.8129309,-2.354065,-4.366704,0.5267438,5.92451,-2.801084,3.773724,-7.553698,1.801613,-5.736832,8.711023
4.436702,-2.133254,3.606074,-4.487859,-4.861501,3.13687,4.960226,-6.050029,2.202327,-0.9528808,-2.967974
3.777396,-0.3794326,2.331579,1.028478,-1.889743,0.5478685,-2.843289,0.2950448,1.202755,-1.820969,-1.424605
3,7
0.4285212,-3.410863,1.401358,4.304648,-1.126363,-4.506241,-4.432846
2.373018,4.181587,4.567728,-5.298744,2.694352,3.274155,-3.143176
0.7855715,2.021187,-5.213109,-4.50101,-6.535796,-0.2583026,1.176746
2,4
2.093869,0.6066393,-6.367445,1.644925
-1.046076,-0.3609426,1.843179,3.02316

3
6,11
-2.944855,-2.705624,3.264475,-2.27458,7.724138,-2.403491,-0.5335224,-2.093793,-2.060344,-1.24973,0.9345745
-4.089321,1.486258,-2.508783,-1.775962,-0.1229799,2.240741,3.707768,-7.81164,-3.596296,-9.469006,-0.1695579
2.452053,-2.487824,0.8296388,1.93269,1.531122,3.849555,2.696134,0.7462251,-1.265873,2.706435,-2.801996
-0.9131298,-1.938558,-5.03651,0.8472793,7.217628,-2.32059,4.557179,-7.06071,1.647627,-4.967163,8.472869
4.159764,-1.934755,3.333157,-4.141725,-4.861501,3.807964,5.379206,-6.190783,1.03719,-0.5649526,-2.767484
3.553128,-0.1734691,4.579196,1.009538,-1.949084,0.4777566,-2.787131,0.8236898,0.7054253,-1.510843,-1.449262
3,7
-1.165293,-3.410863,0.9478558,5.928314,-0.8697886,-3.91039,-4.63317
2.437028,4.393805,5.016239,-5.016091,3.260335,3.095684,-4.457913
0.07301577,2.021187,-4.754705,-4.499996,-5.08172,0.04089484,-1.123805
2,4
2.11175,0.3013229,-5.134562,2.12911
-1.582185,-0.9663306,2.325759,3.000917

3
6,11
-2.840229,-3.245031,2.519259,-2.514841,7.724138,-2.603275,-1.078446,-2.177138,-1.408976,-2.515359,0.5506136
-3.764184,1.133568,-2.04743,-2.291561,-0.2614367,1.272625,4.193065,-7.341619,-3.494093,-8.910212,-0.2470074
2.323112,-2.513043,1.187881,1.966854,1.876734,3.71755,2.986731,1.0337,-0.9357427,2.227259,-3.403716
-2.430011,-2.126285,-4.400647,0.8472793,5.812594,-3.013364,4.235301,-7.34329,1.647627,-5.876101,8.489075
4.395442,-2.552399,3.503583,-3.966722,-4.861501,2.947978,5.474025,-6.038372,2.234469,-1.352454,-2.896631
3.739572,0.1066968,3.070416,0.2295435,-2.240501,0.6441677,-2.546649,0.8133245,1.413301,-1.439806,-1.07003
3,7
-1.123989,-3.410863,1.07937,4.126944,-0.7992072,-4.438712,-4.132847
2.807869,4.571737,4.527069,-5.051015,2.694352,3.560788,-3.509113
1.039536,2.021187,-4.832562,-4.829427,-5.268272,0.2505527,-1.508178
2,4
1.111734,0.3013229,-6.091616,1.891324
-1.494267,-0.1054791,2.679917,3.000917

3
6,11
-2.881543,-2.896032,2.519259,-1.577801,7.33771,-2.156538,-0.8282409,-2.936594,-1.570293,-2.156065,0.5455779
-4.095936,0.9245556,-2.428853,-1.508678,-0.02540879,1.626845,3.707768,-7.196209,-3.816616,-9.372919,0.2338685
2.118446,-2.487824,0.8543352,2.370604,1.446364,3.161069,2.868719,0.6526839,-0.7542007,2.578188,-4.177317
-1.634427,-2.133592,-4.762413,0.8472793,7.100124,-3.201086,3.679435,-7.296317,1.616596,-5.249551,8.911633
4.436702,-2.258326,3.056882,-4.788407,-5.242959,3.111243,5.004275,-6.064417,2.010267,-0.9441117,-2.72156
3.777396,-0.3553784,2.394735,0.5618182,-2.344857,0.09931406,-3.194537,0.2131787,0.9359909,-1.493505,-0.670038
3,7
0.3319843,-3.365468,1.395698,4.004651,-0.8155816,-3.768924,-3.880225
2.142535,4.883527,4.999919,-5.530066,2.694352,3.961235,-3.509113
0.8724832,1.89418,-5.657729,-4.807722,-6.861783,0.4475265,1.248523
2,4
1.173882,0.3013229,-6.380613,2.066342
-1.412352,0.09590951,0.222822,3.48149

3
6,11
-2.982142,-3.98983,2.317729,-2.024471,7.374068,-2.304009,-1.37624,-2.813703,-1.194366,-2.498074,1.108345
-3.802381,0.9579613,-2.04743,-1.62748,-0.1444469,1.200695,3.707768,-7.341619,-3.205955,-9.138217,-0.3224395
2.118446,-2.565373,1.187881,2.116315,1.425804,3.029637,3.049639,0.2605842,-1.360246,3.067281,-2.801996
-0.9131298,-1.934107,-5.206984,1.049094,6.031696,-3.237533,3.574453,-7.34329,1.201936,-5.624975,8.283637
4.057133,-2.729822,3.314962,-4.452819,-5.329718,3.13687,5.451549,-6.669673,2.234469,-1.266948,-2.857101
3.954806,-0.14154,3.031342,0.4506627,-2.192587,0.1623126,-2.525008,0.7719019,1.413301,-1.26991,-1.049865
3,7
0.03717643,-3.315831,0.9478558,5.952822,-1.266018,-3.555527,-3.618319
2.409132,4.167735,4.339236,-5.306004,2.896127,3.558292,-3.750286
1.325602,1.798343,-5.040861,-4.499996,-7.13849,-0.2715365,1.260602
2,4
2.072406,0.322286,-5.009536,2.50156
-1.525516,0.1241611,1.042314,2.608592

3
6,11
-2.557707,-3.742966,2.19189,-2.334253,7.830676,-1.755951,-0.9110243,-2.362656,-1.136389,-1.24973,0.26601
-4.046644,1.220618,-1.952892,-1.775962,-0.7194713,2.51908,3.707768,-7.450817,-3.596296,-9.028706,0.6146248
2.079004,-2.550318,1.107299,1.966854,1.181216,3.561031,3.026486,0.9272453,-1.628064,2.706435,-3.758454
-0.8845724,-2.010617,-4.762413,0.9896981,5.588331,-3.046142,3.907218,-7.34329,1.60602,-5.783498,8.398088
4.507051,-2.184803,3.790317,-4.874009,-4.922031,2.799638,5.87014,-6.190783,2.234469,-0.5401965,-2.753643
3.424704,-0.1734691,2.998629,0.8070775,-1.983024,0.3183352,-2.917613,0.4010112,1.413301,-1.436836,-1.07003
3,7
-0.01100743,-3.410863,0.9478558,3.63769,-0.5977461,-4.038458,-4.395579
2.710359,4.325449,5.176548,-4.698617,2.755399,3.579597,-4.021436
1.360102,2.021187,-5.869947,-4.407323,-6.425514,0.1144033,-1.3745
2,4
1.90554,0.3602368,-6.091616,2.217528
-1.809753,-0.26104,2.325759,2.211687

